# year d h m (March June September December Perihelion, Jan Aphelion, Jul)
2000	20 07 35	21 01 48	22 17 28	21 13 37	3 05 18		3 23 49
2001	20 13 31	21 07 38	22 23 04	21 19 21	4 08 52		4 13 37
2002	20 19 16	21 13 24	23 04 55	22 01 14	2 14 09		6 03 47
2003	21 01 00	21 19 10	23 10 47	22 07 04	4 05 02		4 05 40
2004	20 06 49	21 00 57	22 16 30	21 12 42	4 17 42		5 10 54
2005	20 12 33	21 06 46	22 22 23	21 18 35	2 00 35		5 04 58
2006	20 18 26	21 12 26	23 04 03	22 00 22	4 15 30		3 23 10
2007	21 00 07	21 18 06	23 09 51	22 06 08	3 19 43		6 23 53	
2008	20 05 48	20 23 59	22 15 44	21 12 04	2 23 51		4 07 41
2009	20 11 44	21 05 46	22 21 19	21 17 47	4 15 30		4 01 40
2010	20 17 32	21 11 28	23 03 09	21 23 38	3 00 09		6 11 30
2011	20 23 21	21 17 16	23 09 04	22 05 30	3 18 32		4 14 54
2012	20 05 14	20 23 09	22 14 49	21 11 12	5 00 32		5 03 32
2013	20 11 02	21 05 04	22 20 44	21 17 11	2 04 38		5 14 44
2014	20 16 57	21 10 51	23 02 29	21 23 03	4 11 59		4 00 13
2015	20 22 45	21 16 38	23 08 21	22 04 48	4 06 36		6 19 40
2016	20 04 30	20 22 34	22 14 21	21 10 44	2 22 49		4 16 24
2017	20 10 28	21 04 24	22 20 02	21 16 28	4 14 18		3 20 11
2018	20 16 15	21 10 07	23 01 54	21 22 23	3 05 35		6 16 47
2019	20 21 58	21 15 54	23 07 50	22 04 19	3 05 20		4 22 11
2020	20 03 50	20 21 44	22 13 31	21 10 02	5 07 48		4 11 35
2021	20 09 37	21 03 32	22 19 21	21 15 59	2 13 51		5 22 27
2022	20 15 33	21 09 14	23 01 04	21 21 48	4 06 55		4 07 11
2023	20 21 24	21 14 58	23 06 50	22 03 27	4 16 17		6 20 07
2024	20 03 06	20 20 51	22 12 44	21 09 21	3 00 39		5 05 06
2025	20 09 01	21 02 42	22 18 19	21 15 03	4 13 28		3 19 55
