# year d h m (UT AST EST PST Julian UT)
1788    19 22 16    19 18 16    19 17 16    19 14 16       08 22 16
1789    20 04 04    20 00 04    19 23 04    19 20 04       09 04 04
1790    20 09 54    20 05 54    20 04 54    20 01 54       09 09 54
1791    20 15 48    20 11 48    20 10 48    20 07 48       09 15 48

1792    19 21 32    19 17 32    19 16 32    19 13 32       08 21 32
1793    20 03 20    19 23 20    19 22 20    19 19 20       09 03 20
1794    20 09 16    20 05 16    20 04 16    20 01 16       09 09 16
1795    20 15 04    20 11 04    20 10 04    20 07 04       09 15 04

1796    19 20 53    19 16 53    19 15 53    19 12 53       08 20 53
1797    20 02 47    19 22 47    19 21 47    19 18 47       09 02 47
1798    20 08 38    20 04 38    20 03 38    20 00 38       09 08 38
1799    20 14 30    20 10 30    20 09 30    20 06 30       09 14 30

1800    20 20 11    20 16 11    20 15 11    20 12 11       08 20 11
1801    21 01 55    20 21 55    20 20 55    20 17 55       09 01 55
1802    21 07 48    21 03 48    21 02 48    20 23 48       09 07 48
1803    21 13 33    21 09 33    21 08 33    21 05 33       09 13 33

1804    20 19 17    20 15 17    20 14 17    20 11 17       08 19 17
1805    21 01 04    20 21 04    20 20 04    20 17 04       09 01 04
1806    21 06 52    21 02 52    21 01 52    20 22 52       09 06 52
1807    21 12 41    21 08 41    21 07 41    21 04 41       09 12 41

1808    20 18 29    20 14 29    20 13 29    20 10 29       08 18 29
1809    21 00 21    20 20 21    20 19 21    20 16 21       09 00 21
1810    21 06 20    21 02 20    21 01 20    20 22 20       09 06 20
1811    21 12 13    21 08 13    21 07 13    21 04 13       09 12 13

1812    20 17 59    20 13 59    20 12 59    20 09 59       08 17 59
1813    20 23 49    20 19 49    20 18 49    20 15 49       08 23 49
1814    21 05 42    21 01 42    21 00 42    20 21 42       09 05 42
1815    21 11 30    21 07 30    21 06 30    21 03 30       09 11 30

1816    20 17 15    20 13 15    20 12 15    20 09 15       08 17 15
1817    20 23 00    20 19 00    20 18 00    20 15 00       08 23 00
1818    21 04 49    21 00 49    20 23 49    20 20 49       09 04 49
1819    21 10 38    21 06 38    21 05 38    21 02 38       09 10 38

1820    20 16 23    20 12 23    20 11 23    20 08 23       08 16 23
1821    20 22 15    20 18 15    20 17 15    20 14 15       08 22 15
1822    21 04 09    21 00 09    20 23 09    20 20 09       09 04 09
1823    21 09 54    21 05 54    21 04 54    21 01 54       09 09 54

1824    20 15 38    20 11 38    20 10 38    20 07 38       08 15 38
1825    20 21 25    20 17 25    20 16 25    20 13 25       08 21 25
1826    21 03 16    20 23 16    20 22 16    20 19 16       09 03 16
1827    21 09 08    21 05 08    21 04 08    21 01 08       09 09 08

1828    20 14 53    20 10 53    20 09 53    20 06 53       08 14 53
1829    20 20 42    20 16 42    20 15 42    20 12 42       08 20 42
1830    21 02 36    20 22 36    20 21 36    20 18 36       09 02 36
1831    21 08 26    21 04 26    21 03 26    21 00 26       09 08 26

1832    20 14 16    20 10 16    20 09 16    20 06 16       08 14 16
1833    20 20 11    20 16 11    20 15 11    20 12 11       08 20 11
1834    21 02 04    20 22 04    20 21 04    20 18 04       09 02 04
1835    21 07 55    21 03 55    21 02 55    20 23 55       09 07 55

1836    20 13 39    20 09 39    20 08 39    20 05 39       08 13 39
1837    20 19 23    20 15 23    20 14 23    20 11 23       08 19 23
1838    21 01 17    20 21 17    20 20 17    20 17 17       09 01 17
1839    21 06 59    21 02 59    21 01 59    20 22 59       09 06 59

1840    20 12 40    20 08 40    20 07 40    20 04 40       08 12 40
1841    20 18 28    20 14 28    20 13 28    20 10 28       08 18 28
1842    21 00 13    20 20 13    20 19 13    20 16 13       09 00 13
1843    21 06 04    21 02 04    21 01 04    20 22 04       09 06 04

1844    20 11 53    20 07 53    20 06 53    20 03 53       08 11 53
1845    20 17 43    20 13 43    20 12 43    20 09 43       08 17 43
1846    20 23 45    20 19 45    20 18 45    20 15 45       08 23 45
1847    21 05 32    21 01 32    21 00 32    20 21 32       09 05 32
                              
1848    20 11 17    20 07 17    20 06 17    20 03 17       08 11 17
1849    20 17 12    20 13 12    20 12 12    20 09 12       08 17 12
1850    20 23 02    20 19 02    20 18 02    20 15 02       08 23 02
1851    21 04 54    21 00 54    20 23 54    20 20 54       09 04 54

1852    20 10 41    20 06 41    20 05 41    20 02 41       08 10 41
1853    20 16 24    20 12 24    20 11 24    20 08 24       08 16 24
1854    20 22 19    20 18 19    20 17 19    20 14 19       08 22 19
1855    21 04 05    21 00 05    20 23 05    20 20 05       09 04 05
                              
1856    20 09 49    20 05 49    20 04 49    20 01 49       08 09 49
1857    20 15 45    20 11 45    20 10 45    20 07 45       08 15 45
1858    20 21 31    20 17 31    20 16 31    20 13 31       08 21 31
1859    21 03 18    20 23 18    20 22 18    20 19 18       09 03 18

1860    20 09 04    20 05 04    20 04 04    20 01 04       08 09 04
1861    20 14 46    20 10 46    20 09 46    20 06 46       08 14 46
1862    20 20 42    20 16 42    20 15 42    20 12 42       08 20 42
1863    21 02 30    20 22 30    20 21 30    20 18 30       09 02 30

1864    20 08 10    20 04 10    20 03 10    20 00 10       08 08 10
1865    20 14 06    20 10 06    20 09 06    20 06 06       08 14 06
1866    20 19 54    20 15 54    20 14 54    20 11 54       08 19 54
1867    21 01 46    20 21 46    20 20 46    20 17 46       09 01 46

1868    20 07 43    20 03 43    20 02 43    19 23 43       08 07 43
1869    20 13 32    20 09 32    20 08 32    20 05 32       08 13 32
1870    20 19 32    20 15 32    20 14 32    20 11 32       08 19 32
1871    21 01 20    20 21 20    20 20 20    20 17 20       09 01 20

1872    20 06 57    20 02 57    20 01 57    19 22 57       08 06 57
1873    20 12 52    20 08 52    20 07 52    20 04 52       08 12 52
1874    20 18 38    20 14 38    20 13 38    20 10 38       08 18 38
1875    21 00 21    20 20 21    20 19 21    20 16 21       09 00 21

1876    20 06 10    20 02 10    20 01 10    19 22 10       08 06 10
1877    20 11 48    20 07 48    20 06 48    20 03 48       08 11 48
1878    20 17 42    20 13 42    20 12 42    20 09 42       08 17 42
1879    20 23 32    20 19 32    20 18 32    20 15 32       08 23 32

1880    20 05 13    20 01 13    20 00 13    19 21 13       08 05 13
1881    20 11 14    20 07 14    20 06 14    20 03 14       08 11 14
1882    20 17 04    20 13 04    20 12 04    20 09 04       08 17 04
1883    20 22 50    20 18 50    20 17 50    20 14 50       08 22 50

1884    20 04 44    20 00 44    19 23 44    19 20 44       08 04 44
1885    20 10 29    20 06 29    20 05 29    20 02 29       08 10 29
1886    20 16 26    20 12 26    20 11 26    20 08 26       08 16 26
1887    20 22 18    20 18 18    20 17 18    20 14 18       08 22 18

1888    20 03 56    19 23 56    19 22 56    19 19 56       08 03 56
1889    20 09 51    20 05 51    20 04 51    20 01 51       08 09 51
1890    20 15 41    20 11 41    20 10 41    20 07 41       08 15 41
1891    20 21 25    20 17 25    20 16 25    20 13 25       08 21 25
                                         
1892    20 03 22    19 23 22    19 22 22    19 19 22       08 03 22
1893    20 09 08    20 05 08    20 04 08    20 01 08       08 09 08
1894    20 14 59    20 10 59    20 09 59    20 06 59       08 14 59
1895    20 20 49    20 16 49    20 15 49    20 12 49       08 20 49
                                         
1896    20 02 23    19 22 23    19 21 23    19 18 23       08 02 23
1897    20 08 16    20 04 16    20 03 16    20 00 16       08 08 16
1898    20 14 06    20 10 06    20 09 06    20 06 06       08 14 06
1899    20 19 46    20 15 46    20 14 46    20 11 46       08 19 46

1900    21 01 39    20 21 39    20 20 39    20 17 39       08 01 39
1901    21 07 23    21 03 23    21 02 23    20 23 23       08 07 23
1902    21 13 16    21 09 16    21 08 16    21 05 16       08 13 16
1903    21 19 15    21 15 15    21 14 15    21 11 15       08 19 15

1904    21 00 58    20 20 58    20 19 58    20 16 58       08 00 58
1905    21 06 57    21 02 57    21 01 57    20 22 57       08 06 57
1906    21 12 53    21 08 53    21 07 53    21 04 53       08 12 53
1907    21 18 33    21 14 33    21 13 33    21 10 33       08 18 33

1908    21 00 27    20 20 27    20 19 27    20 16 27       08 00 27
1909    21 06 13    21 02 13    21 01 13    20 22 13       08 06 13
1910    21 12 03    21 08 03    21 07 03    21 04 03       08 12 03
1911    21 17 54    21 13 54    21 12 54    21 09 54       08 17 54

1912    20 23 29    20 19 29    20 18 29    20 15 29       07 23 29
1913    21 05 18    21 01 18    21 00 18    20 21 18       08 05 18
1914    21 11 11    21 07 11    21 06 11    21 03 11       08 11 11
1915    21 16 51    21 12 51    21 11 51    21 08 51       08 16 51

1916    20 22 47    20 18 47    20 17 47    20 14 47       07 22 47
1917    21 04 37    21 00 37    20 23 37    20 20 37       08 04 37
1918    21 10 26    21 06 26    21 05 26    21 02 26       08 10 26
1919    21 16 19    21 12 19    21 11 19    21 08 19       08 16 19

1920    20 21 59    20 17 59    20 16 59    20 13 59       07 21 59
1921    21 03 51    20 23 51    20 22 51    20 19 51       08 03 51
1922    21 09 49    21 05 49    21 04 49    21 01 49       08 09 49
1923    21 15 29    21 11 29    21 10 29    21 07 29       08 15 29

1924    20 21 20    20 17 20    20 16 20    20 13 20       07 21 20
1925    21 03 12    20 23 12    20 22 12    20 19 12       08 03 12
1926    21 09 01    21 05 01    21 04 01    21 01 01       08 09 01
1927    21 14 59    21 10 59    21 09 59    21 06 59       08 14 59
            
1928    20 20 44    20 16 44    20 15 44    20 12 44       07 20 44
1929    21 02 35    20 22 35    20 21 35    20 18 35       08 02 35
1930    21 08 30    21 04 30    21 03 30    21 00 30       08 08 30
1931    21 14 06    21 10 06    21 09 06    21 06 06       08 14 06

1932    20 19 54    20 15 54    20 14 54    20 11 54       07 19 54
1933    21 01 43    20 21 43    20 20 43    20 17 43       08 01 43
1934    21 07 28    21 03 28    21 02 28    20 23 28       08 07 28
1935    21 13 18    21 09 18    21 08 18    21 05 18       08 13 18

1936    20 18 58    20 14 58    20 13 58    20 10 58       07 18 58
1937    21 00 45    20 20 45    20 19 45    20 16 45       08 00 45
1938    21 06 43    21 02 43    21 01 43    20 22 43       08 06 43
1939    21 12 28    21 08 28    21 07 28    21 04 28       08 12 28

1940    20 18 24    20 14 24    20 13 24    20 10 24       07 18 24
1941    21 00 20    20 20 20    20 19 20    20 16 20       08 00 20
1942    21 06 11    21 02 11    21 01 11    20 22 11       08 06 11
1943    21 12 03    21 08 03    21 07 03    21 04 03       08 12 03

1944    20 17 49    20 13 49    20 12 49    20 09 49       07 17 49
1945    20 23 37    20 19 37    20 18 37    20 15 37       07 23 37
1946    21 05 33    21 01 33    21 00 33    20 21 33       08 05 33
1947    21 11 13    21 07 13    21 06 13    21 03 13       08 11 13

1948    20 16 57    20 12 57    20 11 57    20 08 57       07 16 57
1949    20 22 48    20 18 48    20 17 48    20 14 48       07 22 48
1950    21 04 35    21 00 35    20 23 35    20 20 35       08 04 35
1951    21 10 26    21 06 26    21 05 26    21 02 26       08 10 26

1952    20 16 14    20 12 14    20 11 14    20 08 14       07 16 14
1953    20 22 01    20 18 01    20 17 01    20 14 01       07 22 01
1954    21 03 53    20 23 53    20 22 53    20 19 53       08 03 53
1955    21 09 35    21 05 35    21 04 35    21 01 35       08 09 35

1956    20 15 20    20 11 20    20 10 20    20 07 20       07 15 20
1957    20 21 16    20 17 16    20 16 16    20 13 16       07 21 16
1958    21 03 06    20 23 06    20 22 06    20 19 06       08 03 06
1959    21 08 55    21 04 55    21 03 55    21 00 55       08 08 55

1960    20 14 43    20 10 43    20 09 43    20 06 43       07 14 43
1961    20 20 32    20 16 32    20 15 32    20 12 32       07 20 32
1962    21 02 30    20 22 30    20 21 30    20 18 30       08 02 30
1963    21 08 20    21 04 20    21 03 20    21 00 20       08 08 20

1964    20 14 10    20 10 10    20 09 10    20 06 10       07 14 10
1965    20 20 05    20 16 05    20 15 05    20 12 05       07 20 05
1966    21 01 53    20 21 53    20 20 53    20 17 53       08 01 53
1967    21 07 37    21 03 37    21 02 37    20 23 37       08 07 37

1968    20 13 22    20 09 22    20 08 22    20 05 22       07 13 22
1969    20 19 08    20 15 08    20 14 08    20 11 08       07 19 08
1970    21 00 56    20 20 56    20 19 56    20 16 56       08 00 56
1971    21 06 38    21 02 38    21 01 38    20 22 38       08 06 38

1972    20 12 22    20 08 22    20 07 22    20 04 22       07 12 22
1973    20 18 13    20 14 13    20 13 13    20 10 13       07 18 13
1974    21 00 07    20 20 07    20 19 07    20 16 07       08 00 07
1975    21 05 57    21 01 57    21 00 57    20 21 57       08 05 57

1976    20 11 50    20 07 50    20 06 50    20 03 50       07 11 50
1977    20 17 42    20 13 42    20 12 42    20 09 42       07 17 42
1978    20 23 34    20 19 34    20 18 34    20 15 34       07 23 34
1979    21 05 22    21 01 22    21 00 22    20 21 22       08 05 22

1980    20 11 10    20 07 10    20 06 10    20 03 10       07 11 10
1981    20 17 03    20 13 03    20 12 03    20 09 03       07 17 03
1982    20 22 56    20 18 56    20 17 56    20 14 56       07 22 56
1983    21 04 39    21 00 39    20 23 39    20 20 39       08 04 39

1984    20 10 24    20 06 24    20 05 24    20 02 24       07 10 24
1985    20 16 14    20 12 14    20 11 14    20 08 14       07 16 14
1986    20 22 03    20 18 03    20 17 03    20 14 03       07 22 03
1987    21 03 52    20 23 52    20 22 52    20 19 52       08 03 52

1988    20 09 39    20 05 39    20 04 39    20 01 39       07 09 39
1989    20 15 28    20 11 28    20 10 28    20 07 28       07 15 28
1990    20 21 19    20 17 19    20 16 19    20 13 19       07 21 19
1991    21 03 02    20 23 02    20 22 02    20 19 02       08 03 02

1992    20 08 48    20 04 48    20 03 48    20 00 48       07 08 48
1993    20 14 41    20 10 41    20 09 41    20 06 41       07 14 41
1994    20 20 28    20 16 28    20 15 28    20 12 28       07 20 28
1995    21 02 15    20 22 15    20 21 15    20 18 15       08 02 15

1996    20 08 03    20 04 03    20 03 03    20 00 03       07 08 03
1997    20 13 55    20 09 55    20 08 55    20 05 55       07 13 55
1998    20 19 55    20 15 55    20 14 55    20 11 55       07 19 55
1999    21 01 46    20 21 46    20 20 46    20 17 46       08 01 46

2000    20 07 35    20 03 35    20 02 35    19 23 35       07 07 35
2001    20 13 31    20 09 31    20 08 31    20 05 31       07 13 31
2002    20 19 16    20 15 16    20 14 16    20 11 16       07 19 16
2003    21 01 00    20 21 00    20 20 00    20 17 00       08 01 00

2004    20 06 49    20 02 49    20 01 49    19 22 49       07 06 49
2005    20 12 33    20 08 33    20 07 33    20 04 33       07 12 33
2006    20 18 26    20 14 26    20 13 26    20 10 26       07 18 26
2007    21 00 07    20 20 07    20 19 07    20 16 07       08 00 07

2008    20 05 48    20 01 48    20 00 48    19 21 48       07 05 48
2009    20 11 44    20 07 44    20 06 44    20 03 44       07 11 44
2010    20 17 32    20 13 32    20 12 32    20 09 32       07 17 32
2011    20 23 21    20 19 21    20 18 21    20 15 21       07 23 21

2012    20 05 14    20 01 14    20 00 14    19 21 14       07 05 14
2013    20 11 02    20 07 02    20 06 02    20 03 02       07 11 02
2014    20 16 57    20 12 57    20 11 57    20 08 57       07 16 57
2015    20 22 45    20 18 45    20 17 45    20 14 45       07 22 45

2016    20 04 30    20 00 30    19 23 30    19 20 30       07 04 30
2017    20 10 28    20 06 28    20 05 28    20 02 28       07 10 28
2018    20 16 15    20 12 15    20 11 15    20 08 15       07 16 15
2019    20 21 58    20 17 58    20 16 58    20 13 58       07 21 58

2020    20 03 49    19 23 49    19 22 49    19 19 49       07 03 49
2021    20 09 37    20 05 37    20 04 37    20 01 37       07 09 37
2022    20 15 33    20 11 33    20 10 33    20 07 33       07 15 33
2023    20 21 24    20 17 24    20 16 24    20 13 24       07 21 24

2024    20 03 06    19 23 06    19 22 06    19 19 06       07 03 06
2025    20 09 01    20 05 01    20 04 01    20 01 01       07 09 01
2026    20 14 45    20 10 45    20 09 45    20 06 45       07 14 45
2027    20 20 24    20 16 24    20 15 24    20 12 24       07 20 24

2028    20 02 16    19 22 16    19 21 16    19 18 16       07 02 16
2029    20 08 01    20 04 01    20 03 01    20 00 01       07 08 01
2030    20 13 51    20 09 51    20 08 51    20 05 51       07 13 51
2031    20 19 40    20 15 40    20 14 40    20 11 40       07 19 40

2032    20 01 21    19 21 21    19 20 21    19 17 21       07 01 21
2033    20 07 22    20 03 22    20 02 22    19 23 22       07 07 22
2034    20 13 17    20 09 17    20 08 17    20 05 17       07 13 17
2035    20 19 02    20 15 02    20 14 02    20 11 02       07 19 02

2036    20 01 02    19 21 02    19 20 02    19 17 02       07 01 02
2037    20 06 49    20 02 49    20 01 49    19 22 49       07 06 49
2038    20 12 40    20 08 40    20 07 40    20 04 40       07 12 40
2039    20 18 31    20 14 31    20 13 31    20 10 31       07 18 31

2040    20 00 11    19 20 11    19 19 11    19 16 11       07 00 11
2041    20 06 06    20 02 06    20 01 06    19 22 06       07 06 06
2042    20 11 52    20 07 52    20 06 52    20 03 52       07 11 52
2043    20 17 27    20 13 27    20 12 27    20 09 27       07 17 27

2044    19 23 19    19 19 19    19 18 19    19 15 19       06 23 19
2045    20 05 07    20 01 07    20 00 07    19 21 07       07 05 07
2046    20 10 57    20 06 57    20 05 57    20 02 57       07 10 57
2047    20 16 52    20 12 52    20 11 52    20 08 52       07 16 52

2048    19 22 33    19 18 33    19 17 33    19 14 33       06 22 33
2049    20 04 27    20 00 27    19 23 27    19 20 27       07 04 27
2050    20 10 18    20 06 18    20 05 18    20 02 18       07 10 18
2051    20 15 58    20 11 58    20 10 58    20 07 58       07 15 58

2052    19 21 55    19 17 55    19 16 55    19 13 55       06 21 55
2053    20 03 46    19 23 46    19 22 46    19 19 46       07 03 46
2054    20 09 33    20 05 33    20 04 33    20 01 33       07 09 33
2055    20 15 27    20 11 27    20 10 27    20 07 27       07 15 27

2056    19 21 10    19 17 10    19 16 10    19 13 10       06 21 10
2057    20 03 07    19 23 07    19 22 07    19 19 07       07 03 07
2058    20 09 04    20 05 04    20 04 04    20 01 04       07 09 04
2059    20 14 43    20 10 43    20 09 43    20 06 43       07 14 43

2060    19 20 37    19 16 37    19 15 37    19 12 37       06 20 37
2061    20 02 25    19 22 25    19 21 25    19 18 25       07 02 25
2062    20 08 06    20 04 06    20 03 06    20 00 06       07 08 06
2063    20 13 58    20 09 58    20 08 58    20 05 58       07 13 58

2064    19 19 37    19 15 37    19 14 37    19 11 37       06 19 37
2065    20 01 27    19 21 27    19 20 27    19 17 27       07 01 27
2066    20 07 19    20 03 19    20 02 19    19 23 19       07 07 19
2067    20 12 52    20 08 52    20 07 52    20 04 52       07 12 52

2068    19 18 48    19 14 48    19 13 48    19 10 48       06 18 48
2069    20 00 44    19 20 44    19 19 44    19 16 44       07 00 44
2070    20 06 34    20 02 34    20 01 34    19 22 34       07 06 34
2071    20 12 33    20 08 33    20 07 33    20 04 33       07 12 33

2072    19 18 20    19 14 20    19 13 20    19 10 20       06 18 20
2073    20 00 12    19 20 12    19 19 12    19 16 12       07 00 12
2074    20 06 08    20 02 08    20 01 08    19 22 08       07 06 08
2075    20 11 45    20 07 45    20 06 45    20 03 45       07 11 45

2076    19 17 37    19 13 37    19 12 37    19 09 37       06 17 37
2077    19 23 30    19 19 30    19 18 30    19 15 30       06 23 30
2078    20 05 09    20 01 09    20 00 09    19 21 09       07 05 09
2079    20 10 59    20 06 59    20 05 59    20 02 59       07 10 59

2080    19 16 43    19 12 43    19 11 43    19 08 43       06 16 43
2081    19 22 33    19 18 33    19 17 33    19 14 33       06 22 33
2082    20 04 29    20 00 29    19 23 29    19 20 29       07 04 29
2083    20 10 09    20 06 09    20 05 09    20 02 09       07 10 09

2084    19 15 58    19 11 58    19 10 58    19 07 58       06 15 58
2085    19 21 52    19 17 52    19 16 52    19 13 52       06 21 52
2086    20 03 34    19 23 34    19 22 34    19 19 34       07 03 34
2087    20 09 27    20 05 27    20 04 27    20 01 27       07 09 27

2088    19 15 16    19 11 16    19 10 16    19 07 16       06 15 16
2089    19 21 05    19 17 05    19 16 05    19 13 05       06 21 05
2090    20 03 01    19 23 01    19 22 01    19 19 01       07 03 01
2091    20 08 41    20 04 41    20 03 41    20 00 41       07 08 41

2092    19 14 32    19 10 32    19 09 32    19 06 32       06 14 32
2093    19 20 33    19 16 33    19 15 33    19 12 33       06 20 33
2094    20 02 20    19 22 20    19 21 20    19 18 20       07 02 20
2095    20 08 14    20 04 14    20 03 14    20 00 14       07 08 14

2096    19 14 02    19 10 02    19 09 02    19 06 02       06 14 02
2097    19 19 47    19 15 47    19 14 47    19 11 47       06 19 47
2098    20 01 39    19 21 39    19 20 39    19 17 39       07 01 39
2099    20 07 17    20 03 17    20 02 17    19 23 17       07 07 17

2100    20 13 03    20 09 03    20 08 03    20 05 03       06 13 03
2101    20 18 55    20 14 55    20 13 55    20 10 55       06 18 55
2102    21 00 35    20 20 35    20 19 35    20 16 35       07 00 35
2103    21 06 22    21 02 22    21 01 22    20 22 22       07 06 22

2104    20 12 13    20 08 13    20 07 13    20 04 13       06 12 13
2105    20 18 05    20 14 05    20 13 05    20 10 05       06 18 05
2106    21 00 03    20 20 03    20 19 03    20 16 03       07 00 03
2107    21 05 49    21 01 49    21 00 49    20 21 49       07 05 49

2108    20 11 38    20 07 38    20 06 38    20 03 38       06 11 38
2109    20 17 35    20 13 35    20 12 35    20 09 35       06 17 35
2110    20 23 21    20 19 21    20 18 21    20 15 21       06 23 21
2111    21 05 10    21 01 10    21 00 10    20 21 10       07 05 10

2112    20 11 02    20 07 02    20 06 02    20 03 02       06 11 02
2113    20 16 50    20 12 50    20 11 50    20 08 50       06 16 50
2114    20 22 38    20 18 38    20 17 38    20 14 38       06 22 38
2115    21 04 21    21 00 21    20 23 21    20 20 21       07 04 21

2116    20 10 08    20 06 08    20 05 08    20 02 08       06 10 08
2117    20 16 05    20 12 05    20 11 05    20 08 05       06 16 05
2118    20 21 52    20 17 52    20 16 52    20 13 52       06 21 52
2119    21 03 38    20 23 38    20 22 38    20 19 38       07 03 38

2120    20 09 28    20 05 28    20 04 28    20 01 28       06 09 28
2121    20 15 15    20 11 15    20 10 15    20 07 15       06 15 15
2122    20 21 03    20 17 03    20 16 03    20 13 03       06 21 03
2123    21 02 48    20 22 48    20 21 48    20 18 48       07 02 48

2124    20 08 34    20 04 34    20 03 34    20 00 34       06 08 34
2125    20 14 28    20 10 28    20 09 28    20 06 28       06 14 28
2126    20 20 14    20 16 14    20 15 14    20 12 14       06 20 14
2127    21 02 02    20 22 02    20 21 02    20 18 02       07 02 02

2128    20 07 57    20 03 57    20 02 57    19 23 57       06 07 57
2129    20 13 54    20 09 54    20 08 54    20 05 54       06 13 54
2130    20 19 48    20 15 48    20 14 48    20 11 48       06 19 48
2131    21 01 36    20 21 36    20 20 36    20 17 36       07 01 36

2132    20 07 23    20 03 23    20 02 23    19 23 23       06 07 23
2133    20 13 14    20 09 14    20 08 14    20 05 14       06 13 14
2134    20 19 00    20 15 00    20 14 00    20 11 00       06 19 00
2135    21 00 44    20 20 44    20 19 44    20 16 44       07 00 44

2136    20 06 32    20 02 32    20 01 32    19 22 32       06 06 32
2137    20 12 20    20 08 20    20 07 20    20 04 20       06 12 20
2138    20 18 03    20 14 03    20 13 03    20 10 03       06 18 03
2139    20 23 47    20 19 47    20 18 47    20 15 47       06 23 47

2140    20 05 36    20 01 36    20 00 36    19 21 36       06 05 36
2141    20 11 31    20 07 31    20 06 31    20 03 31       06 11 31
2142    20 17 23    20 13 23    20 12 23    20 09 23       06 17 23
2143    20 23 10    20 19 10    20 18 10    20 15 10       06 23 10

2144    20 05 00    20 01 00    20 00 00    19 21 00       06 05 00
2145    20 10 56    20 06 56    20 05 56    20 02 56       06 10 56
2146    20 16 42    20 12 42    20 11 42    20 08 42       06 16 42
2147    20 22 31    20 18 31    20 17 31    20 14 31       06 22 31

2148    20 04 22    20 00 22    19 23 22    19 20 22       06 04 22
2149    20 10 12    20 06 12    20 05 12    20 02 12       06 10 12
2150    20 16 01    20 12 01    20 11 01    20 08 01       06 16 01
2151    20 21 46    20 17 46    20 16 46    20 13 46       06 21 46
           
2152    20 03 37    19 23 37    19 22 37    19 19 37       06 03 37
2153    20 09 35    20 05 35    20 04 35    20 01 35       06 09 35
2154    20 15 21    20 11 21    20 10 21    20 07 21       06 15 21
2155    20 21 04    20 17 04    20 16 04    20 13 04       06 21 04

2156    20 02 52    19 22 52    19 21 52    19 18 52       06 02 52
2157    20 08 38    20 04 38    20 03 38    20 00 38       06 08 38
2158    20 14 25    20 10 25    20 09 25    20 06 25       06 14 25
2159    20 20 10    20 16 10    20 15 10    20 12 10       06 20 10

2160    20 01 56    19 21 56    19 20 56    19 17 56       06 01 56
2161    20 07 50    20 03 50    20 02 50    19 23 50       06 07 50
2162    20 13 36    20 09 36    20 08 36    20 05 36       06 13 36
2163    20 19 22    20 15 22    20 14 22    20 11 22       06 19 22

2164    20 01 21    19 21 21    19 20 21    19 17 21       06 01 21
2165    20 07 15    20 03 15    20 02 15    19 23 15       06 07 15
2166    20 13 08    20 09 08    20 08 08    20 05 08       06 13 08
2167    20 18 59    20 14 59    20 13 59    20 10 59       06 18 59

2168    20 00 45    19 20 45    19 19 45    19 16 45       06 00 45
2169    20 06 42    20 02 42    20 01 42    19 22 42       06 06 42
2170    20 12 27    20 08 27    20 07 27    20 04 27       06 12 27
2171    20 18 08    20 14 08    20 13 08    20 10 08       06 18 08

2172    20 00 00    19 20 00    19 19 00    19 16 00       06 00 00
2173    20 05 43    20 01 43    20 00 43    19 21 43       06 05 43
2174    20 11 26    20 07 26    20 06 26    20 03 26       06 11 26
2175    20 17 15    20 13 15    20 12 15    20 09 15       06 17 15

2176    19 23 01    19 19 01    19 18 01    19 15 01       05 23 01
2177    20 05 01    20 01 01    20 00 01    19 21 01       06 05 01
2178    20 10 48    20 06 48    20 05 48    20 02 48       06 10 48
2179    20 16 30    20 12 30    20 11 30    20 08 30       06 16 30

2180    19 22 26    19 18 26    19 17 26    19 14 26       05 22 26
2181    20 04 14    20 00 14    19 23 14    19 20 14       06 04 14
2182    20 10 02    20 06 02    20 05 02    20 02 02       06 10 02
2183    20 15 55    20 11 55    20 10 55    20 07 55       06 15 55

2184    19 21 41    19 17 41    19 16 41    19 13 41       05 21 41
2185    20 03 38    19 23 38    19 22 38    19 19 38       06 03 38
2186    20 09 26    20 05 26    20 04 26    20 01 26       06 09 26
2187    20 15 08    20 11 08    20 10 08    20 07 08       06 15 08

2188    19 21 08    19 17 08    19 16 08    19 13 08       05 21 08
2189    20 02 59    19 22 59    19 21 59    19 18 59       06 02 59
2190    20 08 43    20 04 43    20 03 43    20 00 43       06 08 43
2191    20 14 34    20 10 34    20 09 34    20 06 34       06 14 34
                  
2192    19 20 15    19 16 15    19 15 15    19 12 15       05 20 15
2193    20 02 06    19 22 06    19 21 06    19 18 06       06 02 06
2194    20 07 54    20 03 54    20 02 54    19 23 54       06 07 54
2195    20 13 31    20 09 31    20 08 31    20 05 31       06 13 31
            
2196    19 19 26    19 15 26    19 14 26    19 11 26       05 19 26
2197    20 01 12    19 21 12    19 20 12    19 17 12       06 01 12
2198    20 06 53    20 02 53    20 01 53    19 22 53       06 06 53
2199    20 12 50    20 08 50    20 07 50    20 04 50       06 12 50

2200    20 18 40    20 14 40    20 13 40    20 10 40       05 18 40
2201    21 00 40    20 20 40    20 19 40    20 16 40       06 00 40
2202    21 06 36    21 02 36    21 01 36    20 22 36       06 06 36
2203    21 12 15    21 08 15    21 07 15    21 04 15       06 12 15

2204    20 18 13    20 14 13    20 13 13    20 10 13       05 18 13
2205    21 00 04    20 20 04    20 19 04    20 16 04       06 00 04
2206    21 05 44    21 01 44    21 00 44    20 21 44       06 05 44
2207    21 11 38    21 07 38    21 06 38    21 03 38       06 11 38

2208    20 17 20    20 13 20    20 12 20    20 09 20       05 17 20
2209    20 23 10    20 19 10    20 18 10    20 15 10       05 23 10
2210    21 04 59    21 00 59    20 23 59    20 20 59       06 04 59
2211    21 10 38    21 06 38    21 05 38    21 02 38       06 10 38
